0.2 1.0 1000.0 1.0 100.0 492.0 110.0 196.95 8.707973508389843 39.86142124221905 0.9130306410571923 1.0025788719440385 100.17503193693584 
0.2 1.0 1000.0 2.0 100.0 497.0 209.0 97.56521739130434 12.091778541158243 29.723673428534134 0.9695397684592693 1.009634882182431 100.35004494395695 
0.2 1.0 1000.0 3.0 100.0 525.0 308.0 128.5 12.90289208356012 22.974179736361858 0.9806136848389119 1.001421683805356 100.53341158697789 
0.2 1.0 1000.0 4.0 100.0 513.0 442.0 37.05555555555556 7.59369382188492 9.719239421164328 0.9057441030037809 1.0006476508749014 100.01994537678694 
0.2 1.0 1000.0 5.0 100.0 489.0 483.0 8.741935483870968 0.9189399297971051 1.8331145395407031 0.9027592068889745 0.8712620467659857 100.0922049906507 
0.2 1.0 1000.0 6.0 100.0 480.0 480.0 6.352941176470588 0.36800815496121947 1.3741171270658972 1.0061089721046772 0.8039770223006473 100.11320664121592 
0.2 1.0 1000.0 7.0 100.0 447.0 447.0 5.064516129032258 0.10090502204996853 1.1012696602629004 1.0003646382129314 0.6373834204071195 100.22292009226487 
0.2 1.0 1000.0 8.0 100.0 496.0 496.0 4.470588235294118 0.011417183530226442 1.012397717251187 1.000980533720961 0.6205746285215977 100.00536637881528 
0.2 1.0 1000.0 9.0 100.0 513.0 513.0 5.222222222222222 0.019636364188047793 1.0385754949696342 1.0189391307815867 0.5807556217244125 100.00683296374714 
0.2 1.0 1000.0 10.0 100.0 497.0 497.0 5.0 0.01276495436879967 1.0155886207277047 1.0028236663589052 0.4980234517514449 100.07628364238569 
